1.000000000000000000e+03
6.300000000000000000e+02
3.980000000000000000e+02
2.510000000000000000e+02
1.580000000000000000e+02
1.000000000000000000e+02
6.300000000000000000e+01
3.900000000000000000e+01
2.500000000000000000e+01
1.500000000000000000e+01
1.000000000000000000e+01
6.000000000000000000e+00
3.000000000000000000e+00
2.000000000000000000e+00
1.000000000000000000e+00
1.000000000000000000e+00
1.000000000000000000e+00
1.000000000000000000e+00
1.000000000000000000e+00
1.000000000000000000e+00
1.000000000000000000e+00
