2.000000000000000000e+03
1.261000000000000000e+03
7.960000000000000000e+02
5.020000000000000000e+02
3.160000000000000000e+02
2.000000000000000000e+02
1.260000000000000000e+02
7.900000000000000000e+01
5.000000000000000000e+01
3.100000000000000000e+01
2.000000000000000000e+01
1.200000000000000000e+01
7.000000000000000000e+00
5.000000000000000000e+00
3.000000000000000000e+00
2.000000000000000000e+00
1.000000000000000000e+00
1.000000000000000000e+00
1.000000000000000000e+00
1.000000000000000000e+00
1.000000000000000000e+00
