2.001000000000000000e+03
1.262000000000000000e+03
7.970000000000000000e+02
5.030000000000000000e+02
3.170000000000000000e+02
2.010000000000000000e+02
1.270000000000000000e+02
8.000000000000000000e+01
5.100000000000000000e+01
3.200000000000000000e+01
2.100000000000000000e+01
1.300000000000000000e+01
8.000000000000000000e+00
6.000000000000000000e+00
4.000000000000000000e+00
3.000000000000000000e+00
2.000000000000000000e+00
2.000000000000000000e+00
2.000000000000000000e+00
2.000000000000000000e+00
2.000000000000000000e+00
